0 0.205556 0.806250 0.405556 0.387500
3 0.251389 0.862500 0.319444 0.275000
0 0.220833 0.441667 0.180556 0.475000
4 0.215278 0.477083 0.175000 0.387500
0 0.144444 0.285417 0.155556 0.395833
4 0.145833 0.283333 0.152778 0.391667
0 0.387500 0.245833 0.169444 0.450000
4 0.391667 0.277083 0.150000 0.379167
0 0.537500 0.452083 0.180556 0.479167
4 0.544444 0.477083 0.161111 0.404167
0 0.623611 0.235417 0.158333 0.445833
4 0.626389 0.270833 0.147222 0.366667
0 0.859722 0.433333 0.180556 0.491667
4 0.866667 0.470833 0.150000 0.408333
0 0.904167 0.231250 0.180556 0.454167
4 0.919444 0.250000 0.138889 0.383333
