2 0.201389 0.339506 0.208333 0.283951
4 0.192130 0.290123 0.162037 0.172840
6 0.194444 0.435185 0.166667 0.092593
2 0.488426 0.339506 0.199074 0.283951
4 0.488426 0.287037 0.180556 0.179012
6 0.488426 0.432099 0.171296 0.098765
2 0.747685 0.342593 0.199074 0.277778
4 0.750000 0.293210 0.185185 0.166667
6 0.756944 0.432099 0.180556 0.111111
2 0.379630 0.663580 0.240741 0.339506
4 0.381944 0.598765 0.226852 0.209877
6 0.384259 0.771605 0.231481 0.111111
2 0.710648 0.654321 0.273148 0.333333
4 0.712963 0.595679 0.231481 0.203704
6 0.722222 0.765432 0.222222 0.111111
