2 0.406863 0.316993 0.127451 0.163399
6 0.419118 0.346405 0.093137 0.078431
2 0.269608 0.366013 0.137255 0.156863
6 0.284314 0.388889 0.107843 0.084967
2 0.110294 0.415033 0.132353 0.176471
4 0.115196 0.379085 0.122549 0.091503
2 0.230392 0.656863 0.196078 0.254902
4 0.227941 0.611111 0.181373 0.150327
2 0.095588 0.790850 0.181373 0.248366
2 0.090686 0.745098 0.161765 0.143791
2 0.845588 0.212418 0.112745 0.150327
6 0.850490 0.238562 0.102941 0.084967
2 0.818627 0.303922 0.127451 0.124183
6 0.828431 0.326797 0.098039 0.078431
2 0.286765 0.274510 0.122549 0.130719
4 0.289216 0.248366 0.107843 0.065359
