1 0.295833 0.276316 0.158333 0.310526
4 0.300000 0.252632 0.133333 0.242105
6 0.300000 0.397368 0.150000 0.047368
1 0.585417 0.176316 0.254167 0.257895
4 0.593750 0.134211 0.212500 0.163158
3 0.597917 0.263158 0.229167 0.063158
1 0.785417 0.465789 0.179167 0.342105
4 0.789583 0.431579 0.120833 0.252632
6 0.785417 0.589474 0.154167 0.073684
1 0.525000 0.473684 0.258333 0.294737
5 0.529167 0.447368 0.208333 0.210526
1 0.529167 0.781579 0.258333 0.268421
4 0.527083 0.763158 0.229167 0.147368
1 0.183333 0.636842 0.241667 0.368421
4 0.187500 0.594737 0.225000 0.273684
