0 0.104167 0.737762 0.183333 0.356643
4 0.106250 0.737762 0.187500 0.356643
2 0.145833 0.451049 0.141667 0.160839
4 0.143750 0.458042 0.145833 0.188811
2 0.168750 0.262238 0.112500 0.160839
4 0.166667 0.262238 0.125000 0.160839
2 0.189583 0.101399 0.120833 0.146853
4 0.183333 0.097902 0.108333 0.139860
2 0.297917 0.272727 0.112500 0.195804
4 0.295833 0.272727 0.108333 0.181818
2 0.304167 0.104895 0.108333 0.139860
4 0.302083 0.097902 0.112500 0.153846
2 0.404167 0.618881 0.125000 0.202797
4 0.402083 0.618881 0.129167 0.202797
2 0.412500 0.419580 0.108333 0.167832
4 0.406250 0.430070 0.104167 0.174825
2 0.416667 0.262238 0.108333 0.160839
4 0.416667 0.255245 0.116667 0.160839
2 0.429167 0.111888 0.108333 0.153846
4 0.429167 0.104895 0.108333 0.139860
2 0.552083 0.608392 0.129167 0.209790
4 0.552083 0.604895 0.120833 0.216783
2 0.556250 0.398601 0.120833 0.167832
4 0.556250 0.402098 0.112500 0.174825
2 0.556250 0.241259 0.104167 0.132867
4 0.558333 0.241259 0.100000 0.132867
2 0.556250 0.097902 0.095833 0.111888
4 0.558333 0.104895 0.100000 0.139860
2 0.687500 0.629371 0.116667 0.195804
4 0.689583 0.625874 0.129167 0.188811
2 0.683333 0.430070 0.116667 0.160839
4 0.685417 0.433566 0.112500 0.167832
4 0.670833 0.255245 0.116667 0.160839
2 0.677083 0.255245 0.112500 0.174825
4 0.666667 0.094406 0.100000 0.132867
2 0.666667 0.094406 0.108333 0.132867
4 0.791667 0.087413 0.100000 0.146853
2 0.791667 0.090909 0.100000 0.139860
2 0.802083 0.251748 0.120833 0.167832
4 0.802083 0.248252 0.104167 0.160839
2 0.814583 0.426573 0.120833 0.167832
4 0.814583 0.430070 0.112500 0.174825
2 0.833333 0.622378 0.125000 0.181818
4 0.829167 0.625874 0.108333 0.188811
2 0.843750 0.832168 0.137500 0.223776
4 0.837500 0.839161 0.133333 0.223776
2 0.914583 0.108392 0.104167 0.174825
4 0.916667 0.097902 0.100000 0.167832
2 0.933333 0.279720 0.116667 0.195804
4 0.933333 0.276224 0.108333 0.188811
