0 0.370000 0.297337 0.148889 0.375740
4 0.370000 0.292899 0.135556 0.355030
2 0.125556 0.393491 0.153333 0.207101
4 0.143333 0.392012 0.104444 0.180473
6 0.068889 0.392012 0.035556 0.186391
1 0.528889 0.273669 0.097778 0.192308
4 0.515556 0.269231 0.057778 0.177515
3 0.563333 0.272189 0.033333 0.183432
1 0.291111 0.724852 0.484444 0.349112
4 0.293333 0.631657 0.440000 0.139053
3 0.348889 0.781065 0.360000 0.207101
2 0.796667 0.550296 0.246667 0.331361
4 0.766667 0.551775 0.173333 0.310651
6 0.890000 0.556213 0.051111 0.307692
