2 0.447917 0.509091 0.204167 0.315152
4 0.454167 0.451515 0.175000 0.187879
6 0.443750 0.596970 0.162500 0.127273
2 0.216667 0.666667 0.200000 0.290909
5 0.214583 0.627273 0.170833 0.187879
6 0.216667 0.769697 0.166667 0.084848
2 0.647917 0.715152 0.195833 0.303030
4 0.645833 0.660606 0.183333 0.181818
6 0.658333 0.815152 0.166667 0.103030
2 0.810417 0.433333 0.187500 0.321212
5 0.787500 0.490909 0.133333 0.218182
6 0.879167 0.475758 0.050000 0.224242
2 0.272917 0.281818 0.179167 0.333333
4 0.314583 0.312121 0.087500 0.260606
6 0.225000 0.348485 0.075000 0.163636
2 0.629167 0.275758 0.208333 0.309091
4 0.622917 0.215152 0.170833 0.175758
